1303
1319
1519
1815
2002
2059
2303
2308
2313
2317
2327
2330
2345
2357
2359
2360
2368
2376
2377
2379
2382
2383
2404
2421
6781
8046
8358
2425
2439
2449
2454
2467
2481
2489
2507
3008
3013
3017
3030
3034
3035
3036
3037
3045
3048
3071
3131
3163
3189
3211
6805
8099
8996
3217
3260
3264
3312
3324
3363
3376
3443
3450
3529
3533
3548
3583
3653
3661
3663
3665
3693
3702
3711
4908
4961
4966
4979
7769
8210
5347
5388
5439
5536
6125
6139
6147
6187
6191
6213
6223
6230
6274
6285
6438
6442
6451
6485
6488
6510
6515
6526
6584
6669
8016
8299
2646
3081
3481
3231
2301
2395
4958
2408
2344
3413
2492
2356
2634
6664
2472
6239
3715
5483
4749
8021
2367
1513
1514
6770
6531
2337
4919
6196